Input file for AIOMFAC-web model
 
mixture components:
----
component no.:	01
component name:	'Water'
subgroup no., qty:	016, 01
----
component no.:	2
component name:	'inorganic component'
subgroup no., qty: 204, 2
subgroup no., qty: 261, 1
----
component no.:	3
component name:	'inorganic component'
subgroup no., qty: 204, 1
subgroup no., qty: 245, 1
----
component no.:	4
component name:	'inorganic component'
subgroup no., qty: 204, 1
subgroup no., qty: 242, 1
----
component no.:	5
component name:	'inorganic component'
subgroup no., qty: 205, 2
subgroup no., qty: 261, 1
----
component no.:	6
component name:	'inorganic component'
subgroup no., qty: 205, 1
subgroup no., qty: 245, 1
----
component no.:	7
component name:	'inorganic component'
subgroup no., qty: 205, 1
subgroup no., qty: 242, 1
----
component no.:	8
component name:	'inorganic component'
subgroup no., qty: 202, 1
subgroup no., qty: 242, 1
----
++++
mixture composition and temperature:
mass fraction?	1
mole fraction?  0	
----
point, Tk, cp0, ...
1	    298,     0.00018159520290305086,    0.0,    0.0,    0.0005604505086757894,    0.0001215771489262679,    0.0,    0.00013637713949489182,    
1	    298,     0.0019975472319335593,    0.0,    0.0,    0.006164955595433683,    0.001337348638188947,    0.0,    0.00150014853444381,    
1	    298,     0.003813499260964068,    0.0,    0.0,    0.01176946068219158,    0.002553120127451626,    0.0,    0.0028639199293927285,    
1	    298,     0.005629451289994576,    0.0,    0.0,    0.017373965768949475,    0.0037688916167143045,    0.0,    0.004227691324341647,    
1	    298,     0.007445403319025085,    0.0,    0.0,    0.02297847085570737,    0.0049846631059769836,    0.0,    0.005591462719290565,    
1	    298,     0.009261355348055592,    0.0,    0.0,    0.02858297594246526,    0.006200434595239662,    0.0,    0.006955234114239483,    
1	    298,     0.011077307377086102,    0.0,    0.0,    0.03418748102922316,    0.007416206084502342,    0.0,    0.0083190055091884,    
1	    298,     0.01289325940611661,    0.0,    0.0,    0.039791986115981046,    0.00863197757376502,    0.0,    0.009682776904137318,    
1	    298,     0.01470921143514712,    0.0,    0.0,    0.04539649120273894,    0.0098477490630277,    0.0,    0.011046548299086238,    
1	    298,     0.01652516346417763,    0.0,    0.0,    0.05100099628949684,    0.011063520552290379,    0.0,    0.012410319694035155,    
1	    298,     0.01834111549320814,    0.0,    0.0,    0.05660550137625474,    0.01227929204155306,    0.0,    0.013774091088984074,    
1	    298,     0.020157067522238645,    0.0,    0.0,    0.062210006463012626,    0.013495063530815737,    0.0,    0.015137862483932991,    
1	    298,     0.021973019551269152,    0.0,    0.0,    0.06781451154977051,    0.014710835020078415,    0.0,    0.01650163387888191,    
1	    298,     0.023788971580299665,    0.0,    0.0,    0.07341901663652842,    0.015926606509341096,    0.0,    0.017865405273830827,    
1	    298,     0.025604923609330168,    0.0,    0.0,    0.0790235217232863,    0.017142377998603773,    0.0,    0.019229176668779744,    
1	    298,     0.027420875638360678,    0.0,    0.0,    0.08462802681004421,    0.018358149487866453,    0.0,    0.020592948063728665,    
1	    298,     0.029236827667391187,    0.0,    0.0,    0.0902325318968021,    0.019573920977129133,    0.0,    0.02195671945867758,    
1	    298,     0.0310527796964217,    0.0,    0.0,    0.09583703698356,    0.020789692466391813,    0.0,    0.0233204908536265,    
1	    298,     0.032868731725452204,    0.0,    0.0,    0.10144154207031787,    0.022005463955654492,    0.0,    0.02468426224857542,    
1	    298,     0.03468468375448271,    0.0,    0.0,    0.10704604715707577,    0.02322123544491717,    0.0,    0.02604803364352434,    
1	    298,     0.03650063578351322,    0.0,    0.0,    0.11265055224383369,    0.02443700693417985,    0.0,    0.027411805038473257,    
1	    298,     0.03831658781254373,    0.0,    0.0,    0.11825505733059158,    0.02565277842344253,    0.0,    0.028775576433422174,    
1	    298,     0.04013253984157424,    0.0,    0.0,    0.12385956241734947,    0.026868549912705205,    0.0,    0.03013934782837109,    
1	    298,     0.041948491870604745,    0.0,    0.0,    0.12946406750410738,    0.028084321401967885,    0.0,    0.03150311922332001,    
1	    298,     0.043764443899635255,    0.0,    0.0,    0.13506857259086524,    0.02930009289123056,    0.0,    0.032866890618268925,    
1	    298,     0.045580395928665765,    0.0,    0.0,    0.14067307767762316,    0.03051586438049324,    0.0,    0.034230662013217845,    
1	    298,     0.04739634795769627,    0.0,    0.0,    0.14627758276438105,    0.03173163586975593,    0.0,    0.035594433408166766,    
1	    298,     0.04921229998672679,    0.0,    0.0,    0.15188208785113894,    0.032947407359018605,    0.0,    0.036958204803115687,    
1	    298,     0.0510282520157573,    0.0,    0.0,    0.15748659293789685,    0.03416317884828128,    0.0,    0.0383219761980646,    
1	    298,     0.0528442040447878,    0.0,    0.0,    0.1630910980246547,    0.03537895033754396,    0.0,    0.03968574759301352,    
1	    298,     0.05466015607381831,    0.0,    0.0,    0.16869560311141263,    0.036594721826806634,    0.0,    0.041049518987962434,    
1	    298,     0.05647610810284882,    0.0,    0.0,    0.1743001081981705,    0.03781049331606932,    0.0,    0.042413290382911355,    
1	    298,     0.05829206013187933,    0.0,    0.0,    0.17990461328492843,    0.039026264805331994,    0.0,    0.043777061777860275,    
1	    298,     0.060108012160909836,    0.0,    0.0,    0.18550911837168632,    0.04024203629459468,    0.0,    0.045140833172809196,    
1	    298,     0.06192396418994034,    0.0,    0.0,    0.19111362345844424,    0.04145780778385736,    0.0,    0.046504604567758116,    
1	    298,     0.06373991621897084,    0.0,    0.0,    0.1967181285452021,    0.04267357927312003,    0.0,    0.04786837596270702,    
1	    298,     0.06555586824800136,    0.0,    0.0,    0.20232263363195999,    0.04388935076238271,    0.0,    0.04923214735765594,    
1	    298,     0.06737182027703187,    0.0,    0.0,    0.2079271387187179,    0.045105122251645396,    0.0,    0.050595918752604864,    
1	    298,     0.06918777230606238,    0.0,    0.0,    0.2135316438054758,    0.046320893740908066,    0.0,    0.051959690147553785,    
1	    298,     0.07100372433509289,    0.0,    0.0,    0.21913614889223368,    0.04753666523017075,    0.0,    0.0533234615425027,    
1	    298,     0.0728196763641234,    0.0,    0.0,    0.2247406539789916,    0.04875243671943343,    0.0,    0.05468723293745162,    
1	    298,     0.0746356283931539,    0.0,    0.0,    0.23034515906574946,    0.0499682082086961,    0.0,    0.05605100433240053,    
1	    298,     0.0764515804221844,    0.0,    0.0,    0.23594966415250734,    0.051183979697958785,    0.0,    0.05741477572734945,    
1	    298,     0.07826753245121491,    0.0,    0.0,    0.24155416923926523,    0.05239975118722147,    0.0,    0.058778547122298366,    
1	    298,     0.08008348448024544,    0.0,    0.0,    0.24715867432602315,    0.05361552267648414,    0.0,    0.06014231851724729,    
1	    298,     0.08189943650927595,    0.0,    0.0,    0.25276317941278104,    0.05483129416574682,    0.0,    0.06150608991219621,    
1	    298,     0.08371538853830644,    0.0,    0.0,    0.25836768449953895,    0.056047065655009505,    0.0,    0.06286986130714513,    
1	    298,     0.08553134056733695,    0.0,    0.0,    0.2639721895862968,    0.05726283714427218,    0.0,    0.06423363270209405,    
1	    298,     0.08734729259636746,    0.0,    0.0,    0.26957669467305473,    0.05847860863353486,    0.0,    0.06559740409704297,    
1	    298,     0.08916324462539797,    0.0,    0.0,    0.27518119975981264,    0.05969438012279754,    0.0,    0.06696117549199189,    
1	    298,     0.09097919665442848,    0.0,    0.0,    0.2807857048465705,    0.060910151612060225,    0.0,    0.06832494688694081,    
1	    298,     0.09279514868345898,    0.0,    0.0,    0.2863902099333284,    0.062125923101322894,    0.0,    0.06968871828188972,    
1	    298,     0.0946111007124895,    0.0,    0.0,    0.29199471502008634,    0.06334169459058558,    0.0,    0.07105248967683864,    
1	    298,     0.09642705274152,    0.0,    0.0,    0.2975992201068442,    0.06455746607984826,    0.0,    0.07241626107178756,    
1	    298,     0.09824300477055052,    0.0,    0.0,    0.3032037251936021,    0.06577323756911094,    0.0,    0.07378003246673648,    
1	    298,     0.10005895679958102,    0.0,    0.0,    0.30880823028036003,    0.06698900905837361,    0.0,    0.0751438038616854,    
1	    298,     0.10187490882861154,    0.0,    0.0,    0.3144127353671179,    0.0682047805476363,    0.0,    0.07650757525663432,    
1	    298,     0.10369086085764204,    0.0,    0.0,    0.32001724045387575,    0.06942055203689897,    0.0,    0.07787134665158323,    
1	    298,     0.10550681288667253,    0.0,    0.0,    0.3256217455406336,    0.07063632352616164,    0.0,    0.07923511804653213,    
1	    298,     0.10732276491570306,    0.0,    0.0,    0.3312262506273915,    0.07185209501542432,    0.0,    0.08059888944148105,    
1	    298,     0.10913871694473355,    0.0,    0.0,    0.33683075571414944,    0.07306786650468701,    0.0,    0.08196266083642997,    
1	    298,     0.11095466897376408,    0.0,    0.0,    0.34243526080090736,    0.07428363799394969,    0.0,    0.0833264322313789,    
1	    298,     0.11277062100279457,    0.0,    0.0,    0.3480397658876652,    0.07549940948321236,    0.0,    0.08469020362632781,    
1	    298,     0.1145865730318251,    0.0,    0.0,    0.35364427097442314,    0.07671518097247505,    0.0,    0.08605397502127674,    
1	    298,     0.1164025250608556,    0.0,    0.0,    0.35924877606118105,    0.07793095246173772,    0.0,    0.08741774641622566,    
1	    298,     0.11821847708988611,    0.0,    0.0,    0.3648532811479389,    0.0791467239510004,    0.0,    0.08878151781117458,    
1	    298,     0.12003442911891662,    0.0,    0.0,    0.37045778623469683,    0.08036249544026308,    0.0,    0.0901452892061235,    
1	    298,     0.12185038114794713,    0.0,    0.0,    0.37606229132145474,    0.08157826692952576,    0.0,    0.09150906060107242,    
1	    298,     0.12366633317697764,    0.0,    0.0,    0.3816667964082126,    0.08279403841878845,    0.0,    0.09287283199602134,    
1	    298,     0.12548228520600813,    0.0,    0.0,    0.38727130149497047,    0.08400980990805111,    0.0,    0.09423660339097023,    
1	    298,     0.12729823723503864,    0.0,    0.0,    0.3928758065817283,    0.08522558139731379,    0.0,    0.09560037478591915,    
1	    298,     0.12911418926406915,    0.0,    0.0,    0.39848031166848624,    0.08644135288657648,    0.0,    0.09696414618086807,    
1	    298,     0.13093014129309966,    0.0,    0.0,    0.4040848167552442,    0.08765712437583915,    0.0,    0.09832791757581699,    
1	    298,     0.1327460933221302,    0.0,    0.0,    0.40968932184200213,    0.08887289586510183,    0.0,    0.09969168897076591,    
1	    298,     0.13456204535116068,    0.0,    0.0,    0.41529382692876,    0.09008866735436452,    0.0,    0.10105546036571483,    
1	    298,     0.1363779973801912,    0.0,    0.0,    0.4208983320155179,    0.0913044388436272,    0.0,    0.10241923176066375,    
1	    298,     0.1381939494092217,    0.0,    0.0,    0.4265028371022758,    0.09252021033288986,    0.0,    0.10378300315561267,    
1	    298,     0.1400099014382522,    0.0,    0.0,    0.4321073421890337,    0.09373598182215256,    0.0,    0.10514677455056158,    
1	    298,     0.14182585346728271,    0.0,    0.0,    0.4377118472757916,    0.09495175331141523,    0.0,    0.1065105459455105,    
1	    298,     0.14364180549631322,    0.0,    0.0,    0.4433163523625495,    0.0961675248006779,    0.0,    0.10787431734045942,    
1	    298,     0.14545775752534373,    0.0,    0.0,    0.4489208574493074,    0.0973832962899406,    0.0,    0.10923808873540834,    
1	    298,     0.14727370955437424,    0.0,    0.0,    0.4545253625360653,    0.09859906777920327,    0.0,    0.11060186013035726,    
1	    298,     0.14908966158340475,    0.0,    0.0,    0.4601298676228231,    0.09981483926846595,    0.0,    0.11196563152530618,    
1	    298,     0.15090561361243526,    0.0,    0.0,    0.465734372709581,    0.10103061075772862,    0.0,    0.1133294029202551,    
1	    298,     0.15272156564146577,    0.0,    0.0,    0.47133887779633893,    0.1022463822469913,    0.0,    0.11469317431520402,    
1	    298,     0.15453751767049628,    0.0,    0.0,    0.4769433828830968,    0.10346215373625399,    0.0,    0.11605694571015295,    
1	    298,     0.1563534696995268,    0.0,    0.0,    0.4825478879698547,    0.10467792522551667,    0.0,    0.11742071710510187,    
1	    298,     0.15816942172855727,    0.0,    0.0,    0.4881523930566126,    0.10589369671477933,    0.0,    0.11878448850005079,    
1	    298,     0.1599853737575878,    0.0,    0.0,    0.49375689814337054,    0.10710946820404203,    0.0,    0.12014825989499969,    
1	    298,     0.16180132578661832,    0.0,    0.0,    0.4993614032301284,    0.1083252396933047,    0.0,    0.12151203128994861,    
====